0 0.22022321428571429 0.49333333333333335 0.22620535714285714 0.23702222222222222
0 0.1034375 0.39035555555555557 0.19196428571428573 0.2059111111111111
0 0.12647321428571429 0.5703555555555556 0.16370535714285714 0.17186666666666667
0 0.3697767857142857 0.3370222222222222 0.21575892857142856 0.25924444444444444
0 0.6160714285714286 0.34742222222222224 0.21129464285714286 0.25924444444444444
0 0.4739732142857143 0.12742222222222224 0.20982142857142858 0.20444444444444446
0 0.726205357142857 0.14075555555555555 0.21428571428571427 0.2429777777777778
0 0.8920982142857143 0.2822222222222222 0.13839285714285715 0.23555555555555555
0 0.8087946428571428 0.5303555555555556 0.19495535714285714 0.19555555555555557
0 0.632455357142857 0.6185333333333333 0.1398660714285714 0.1852
0 0.4955357142857143 0.5444444444444444 0.14879464285714286 0.23853333333333335
0 0.15625 0.2 0.10415178571428571 0.16297777777777778
0 0.29017857142857145 0.12368888888888888 0.16370535714285714 0.16146666666666665
0 0.9010267857142857 0.1318666666666667 0.1354017857142857 0.1452
0 0.9441964285714286 0.4703555555555555 0.09375 0.14666666666666667
0 0.616830357142857 0.34813333333333335 0.23660714285714285 0.3170222222222222
0 0.2995535714285714 0.5834666666666667 0.1853125 0.2296